[0] 0.0697
[1] -0.1739
[2] 0.3070
[3] -0.5610
[4] 0.6397
[5] -0.7649
[6] 0.7621
[7] -0.6228
[8] -0.2917
[9] -0.3268
[10] -0.0191
[11] -0.6170
[12] -0.3966
[13] 0.5031
[14] -0.2596
[15] 0.8049
[16] 0.4469
[17] 0.0025
[18] -0.5213
[19] -0.8794
[20] 0.4173
[21] 0.7878
[22] -0.5589
[23] 0.6705
[24] 0.4826
[25] -0.0965
[26] -0.2250
[27] -0.8631
[28] 0.5610
[29] 0.6249
[30] 0.8903
[31] -0.7130
[32] -0.9734
[33] -0.4148
[34] 0.2767
[35] -0.4082
[36] -0.3428
[37] -0.7985
[38] -0.6835
[39] 0.5660
[40] -0.8878
[41] 0.3310
